spawns:
  default:
    world: 8c9478c8-f66d-4918-a39e-eb788c884d41
    world-name: world
    x: 0.5850324349498529
    y: 200.0
    z: 0.5874595065805271
    yaw: 1.80029296875
    pitch: 20.700008392333984
