world: 8c9478c8-f66d-4918-a39e-eb788c884d41
world-name: world
x: 1507.5
y: 88.0
z: -1492.5
yaw: 176.09994506835938
pitch: 33.74995422363281
name: east
lastowner: 47c84788-2534-48b7-beaa-31066caeedda
