world: 8c9478c8-f66d-4918-a39e-eb788c884d41
world-name: world
x: 300.5
y: 81.0
z: 0.5
yaw: 177.44964599609375
pitch: 84.1500015258789
name: eastspawn
lastowner: 47c84788-2534-48b7-beaa-31066caeedda
