world: 8c9478c8-f66d-4918-a39e-eb788c884d41
world-name: world
x: -1423.5690338108789
y: 71.0
z: -1540.7454860197463
yaw: -88.50003051757812
pitch: 90.0
name: northspawn
lastowner: 47c84788-2534-48b7-beaa-31066caeedda
