world: 8c9478c8-f66d-4918-a39e-eb788c884d41
world-name: world
x: 0.5
y: 68.0
z: -399.5
yaw: -91.80035400390625
pitch: 23.550006866455078
name: northspawn
lastowner: 47c84788-2534-48b7-beaa-31066caeedda
