world: 8c9478c8-f66d-4918-a39e-eb788c884d41
world-name: world
x: 1564.5
y: 111.0
z: 1486.5
yaw: -179.250244140625
pitch: 6.599975109100342
name: south
lastowner: 47c84788-2534-48b7-beaa-31066caeedda
