world: 8c9478c8-f66d-4918-a39e-eb788c884d41
world-name: world
x: 0.5
y: 63.0
z: 400.5
yaw: 132.29966735839844
pitch: 38.9999885559082
name: southspawn
lastowner: 47c84788-2534-48b7-beaa-31066caeedda
