world: 8c9478c8-f66d-4918-a39e-eb788c884d41
world-name: world
x: 1564.3213867405457
y: 113.0
z: 1486.2323173484995
yaw: -158.8502655029297
pitch: 59.69998550415039
name: southspawn
lastowner: 47c84788-2534-48b7-beaa-31066caeedda
