world: 8c9478c8-f66d-4918-a39e-eb788c884d41
world-name: world
x: 0.4930307289401137
y: 200.0
z: 0.7290419255136682
yaw: 0.3003306984901428
pitch: 86.25
name: spawn
lastowner: 47c84788-2534-48b7-beaa-31066caeedda
