world: 8c9478c8-f66d-4918-a39e-eb788c884d41
world-name: world
x: -232.2021082390945
y: 88.0
z: 141.6659859845198
yaw: 96.14950561523438
pitch: 58.80000686645508
name: westspawn
lastowner: 47c84788-2534-48b7-beaa-31066caeedda
