world: 8c9478c8-f66d-4918-a39e-eb788c884d41
world-name: world
x: -1499.5
y: 108.0
z: 1500.5
yaw: 38.09996795654297
pitch: 36.600013732910156
name: west
lastowner: 47c84788-2534-48b7-beaa-31066caeedda
